100
2 4
10 5
3 12
7 7 7
3 12
4 2 1
5 1000000000
25 25 25 25 25
2 2
1 1
5 5
1 1 1 1 1
5 448257424
1 2 3 4 5
5 915742169
18 7 21 11 25
5 931523390
25 25 25 25 25
5 945227028
2 2 2 2 2
5 650380359
7 7 7 7 7
5 920513035
6 6 6 6 6
5 118329203
13 13 13 13 13
5 933831115
11 11 11 11 11
5 991356882
16 16 16 16 16
5 149984442
6 6 6 6 6
5 219285368
8 8 8 8 8
5 495176035
23 23 23 23 23
5 675190016
3 3 3 3 3
5 658345726
13 13 13 13 13
5 678858410
16 16 16 16 16
5 978194391
5 5 5 5 5
5 362517075
25 25 25 25 25
5 547780728
16 16 16 16 16
5 165310442
8 8 8 8 8
5 583079829
23 23 23 23 23
5 551098472
3 3 3 3 3
5 848926885
14 14 14 14 14
5 996879662
10 10 10 10 10
5 599482883
2 2 2 2 2
5 152819169
20 20 20 20 20
5 787849867
13 13 13 13 13
5 723787153
14 14 14 14 14
5 161138280
1 2 3 4 5
5 411703313
1 2 3 4 5
5 168612710
1 2 3 4 5
5 218857678
1 2 3 4 5
5 303780314
1 2 3 4 5
5 891615101
1 2 3 4 5
5 156915694
1 2 3 4 5
5 199817454
1 2 3 4 5
5 854345316
1 2 3 4 5
5 259266663
1 2 3 4 5
5 665743009
1 2 3 4 5
5 484039394
1 2 3 4 5
5 858905239
1 2 3 4 5
5 681058001
1 2 3 4 5
5 393111331
1 2 3 4 5
5 19927000
1 2 3 4 5
5 272165032
1 2 3 4 5
5 601532423
1 2 3 4 5
5 380755640
1 2 3 4 5
5 482410879
1 2 3 4 5
5 933199559
1 2 3 4 5
5 256618139
1 2 3 4 5
5 991606374
1 2 3 4 5
5 223797358
1 2 3 4 5
5 596980506
1 2 3 4 5
5 141482964
2 6 7 9 18
5 27202294
15 24 17 11 3
5 11329
9 3 5 9 8
5 771581116
17 3 11 3 18
5 924232272
17 10 22 1 23
5 694661653
10 5 21 4 18
5 791084509
1 13 17 9 6
5 69104179
5 6 4 25 20
5 951765863
19 7 21 6 14
5 949572598
21 15 18 16 17
5 129845046
25 6 12 21 14
5 383692338
15 3 1 25 7
5 390309063
21 10 16 5 2
5 302606847
11 18 2 19 2
5 513490714
11 11 25 2 21
5 729362472
2 23 13 10 6
5 582410963
11 14 24 23 14
5 359502861
1 5 13 22 20
5 897597808
25 21 9 20 3
5 944505204
20 1 9 18 16
5 422201545
10 17 1 5 2
5 771086013
17 3 15 10 19
5 776991798
18 3 13 8 2
5 32509350
4 2 8 9 13
5 324388601
13 14 22 3 25
5 541687642
21 23 23 9 13
5 284782231
6 24 7 5 16
5 624306849
13 13 23 2 8
5 911194261
22 7 13 19 13
5 400170801
3 23 7 20 6
5 782881918
2 17 22 13 14
5 111584013
18 24 18 17 17
5 146567254
6 15 22 5 18
5 552109324
18 12 11 21 23
5 34337849
19 3 5 16 9
5 62691781
13 23 19 5 11
5 847262591
11 13 20 8 7
5 825533734
13 14 12 13 18
5 149459468
16 22 6 4 2
5 493147110
18 11 19 6 13
5 522595751
4 9 21 17 14
5 746858290
25 2 2 17 6
