1000
53 86 23
93 73 82
61 11 30
14 81 78
0 55 55
34 44 71
33 18 17
23 24 41
15 72 4
13 35 36
84 30 23
25 54 15
96 74 56
76 77 73
12 55 55
98 41 60
19 71 93
59 98 12
97 10 91
95 23 15
5 4 81
8 88 1
89 41 20
17 78 67
57 41 42
12 88 91
25 23 43
38 55 3
18 18 95
47 39 84
79 12 10
38 92 85
61 56 2
22 2 57
75 93 5
96 97 9
74 32 14
25 18 17
35 45 55
55 94 27
57 28 81
2 57 53
74 3 72
7 84 22
39 12 84
56 80 4
59 96 91
99 91 5
8 7 32
43 44 59
37 17 62
10 55 27
40 29 19
17 6 40
15 27 85
66 30 100
0 44 99
99 13 4
77 76 20
49 43 41
71 87 7
97 14 17
2 1 3
42 91 58
82 24 95
42 7 15
94 54 91
28 75 45
95 33 26
59 83 100
25 24 95
1 13 64
92 3 36
46 60 37
22 21 46
84 75 56
46 26 68
59 8 29
52 20 71
23 34 79
39 85 37
61 88 67
25 68 86
27 56 28
93 21 57
60 29 94
23 7 39
52 79 8
99 95 91
58 20 9
74 98 45
95 11 94
5 97 10
13 42 34
54 7 5
78 21 43
5 92 68
34 64 3
12 71 89
17 24 45
32 15 55
100 91 42
95 52 21
82 47 30
2 77 57
29 21 13
100 66 7
15 74 4
47 2 34
94 41 86
7 52 33
50 45 96
59 30 79
30 41 28
49 73 97
10 34 82
29 90 66
94 30 67
25 85 66
62 59 95
50 36 93
21 57 20
71 81 41
9 70 2
100 87 47
56 83 72
47 68 48
28 9 52
15 28 37
68 63 40
3 8 88
34 10 100
37 29 63
65 70 12
70 15 34
91 41 56
97 40 45
70 16 5
61 87 41
42 35 78
53 66 72
40 67 34
44 60 67
86 92 88
67 23 25
94 29 61
84 32 46
63 5 13
76 86 17
1 97 39
67 73 45
83 45 78
57 64 92
7 55 85
38 100 15
1 55 20
99 8 69
70 35 40
100 31 47
87 47 83
99 26 64
52 33 14
94 30 5
58 86 97
20 28 98
50 65 61
8 92 17
48 52 2
100 27 67
61 9 64
92 80 87
35 72 76
99 61 22
31 47 82
10 34 81
85 2 99
100 68 14
13 55 55
15 40 98
76 78 55
100 84 31
52 10 20
27 23 72
100 26 16
29 42 62
94 24 53
5 34 58
98 4 46
74 35 91
32 81 7
21 81 30
3 83 27
82 98 10
34 38 11
35 43 32
69 96 3
87 63 16
67 60 99
58 85 42
75 97 59
48 21 33
4 62 87
59 78 24
89 8 11
83 21 71
23 3 100
24 84 57
54 28 35
73 4 82
56 43 8
25 65 34
55 94 47
88 76 98
69 74 98
18 56 55
67 3 26
12 65 66
81 4 75
34 98 65
76 23 47
63 18 95
79 88 11
51 16 84
74 83 52
90 14 81
46 13 17
72 98 89
67 89 59
87 70 20
95 44 79
35 16 42
12 8 16
11 10 80
21 66 14
52 36 12
95 88 7
62 86 17
84 48 1
55 48 15
76 9 32
48 64 69
100 45 18
4 99 34
79 100 64
12 24 3
86 75 33
54 73 68
18 28 91
17 42 4
72 73 82
91 61 19
60 34 72
98 39 27
49 18 95
6 36 66
82 87 30
26 91 40
3 96 47
41 97 37
14 72 37
13 9 38
77 23 24
0 2 42
16 48 34
14 36 81
34 5 87
52 79 95
85 86 56
86 15 32
23 79 47
92 7 98
45 58 69
23 21 97
57 26 71
22 54 16
63 73 6
4 57 29
80 60 28
54 98 4
44 65 58
18 95 60
91 83 54
90 24 63
93 28 75
44 27 57
73 44 1
14 19 22
2 36 39
64 88 26
3 53 40
41 98 74
83 88 33
75 97 39
73 9 85
52 27 3
84 40 70
29 21 89
75 79 54
36 54 38
93 68 55
33 34 86
62 57 13
86 7 52
87 22 56
73 91 41
81 30 41
5 95 26
75 28 25
52 27 39
89 80 24
32 94 82
47 88 70
87 12 14
32 96 39
81 8 37
78 23 25
5 85 97
91 5 25
75 71 84
57 76 73
4 25 17
78 92 39
60 81 24
22 61 99
92 100 81
75 76 37
77 31 9
75 68 11
65 46 89
28 100 1
68 94 26
16 12 2
19 15 33
96 23 25
15 70 53
35 68 35
42 67 86
66 96 69
17 37 79
67 53 15
24 89 95
34 68 35
93 85 66
36 17 39
86 41 9
97 7 12
29 25 59
61 65 100
17 63 22
31 83 25
17 81 100
11 30 40
46 74 16
4 64 60
75 30 25
36 67 58
97 82 93
26 92 27
35 71 80
13 62 69
13 98 74
99 77 4
12 72 15
49 42 78
62 24 38
82 35 76
84 69 3
5 77 3
17 69 21
39 39 55
38 6 39
28 88 81
67 10 77
84 58 56
0 20 25
33 58 9
6 12 13
67 48 15
22 84 76
47 66 68
33 69 55
21 17 22
23 7 3
78 12 26
34 14 7
19 77 72
33 44 96
19 77 96
100 89 79
25 47 39
87 20 40
7 25 48
85 74 65
81 64 71
39 5 87
46 38 10
20 39 43
32 74 85
100 66 13
47 71 80
0 57 27
61 12 61
82 45 77
29 35 24
93 92 92
30 64 56
31 32 20
55 98 32
57 10 21
96 2 72
77 83 32
69 25 52
2 67 55
64 38 29
53 61 85
23 5 33
25 60 20
10 36 76
52 29 5
97 16 13
29 81 85
1 81 66
61 6 25
30 57 67
22 15 99
15 12 1
55 80 45
1 90 31
44 7 12
33 6 28
88 5 55
75 56 53
46 83 61
48 59 23
23 58 58
16 35 59
91 10 57
23 89 93
42 65 78
71 52 15
16 97 9
45 38 11
4 11 83
68 88 5
49 2 81
100 76 79
56 48 75
56 30 6
38 4 1
49 32 95
22 45 39
50 96 59
78 13 34
59 31 96
12 98 95
49 37 81
91 47 20
6 37 12
61 30 32
48 69 67
10 9 17
28 89 30
57 85 91
47 8 15
27 23 13
66 17 16
62 87 92
60 5 38
77 97 48
66 43 12
9 72 95
20 2 14
6 54 76
54 6 54
74 76 22
82 97 70
53 3 4
52 91 16
67 83 21
57 59 38
6 53 79
65 91 93
67 77 35
97 24 78
70 87 37
37 62 67
51 52 94
63 75 34
61 89 91
25 43 87
52 44 12
66 75 25
32 47 87
31 43 35
36 87 6
55 36 81
68 55 29
28 53 36
33 29 79
47 1 94
38 87 35
41 9 44
39 42 75
36 61 83
75 96 31
63 4 15
1 45 6
31 11 98
50 91 58
37 21 1
50 69 97
63 39 40
99 60 89
16 66 92
46 13 67
55 99 81
100 47 93
95 21 59
93 94 28
61 58 61
10 55 4
48 46 58
93 6 84
24 29 11
7 95 21
34 92 25
56 61 7
8 34 45
74 86 67
90 93 62
3 19 75
76 41 73
82 32 14
37 24 17
39 94 64
32 77 66
99 10 38
90 69 60
41 31 52
0 32 79
33 61 4
16 20 69
56 84 29
87 21 91
87 15 84
74 32 16
19 54 59
96 10 58
61 55 7
92 10 71
65 69 32
34 27 91
13 45 52
80 5 56
10 33 33
9 77 77
88 17 98
73 43 35
73 41 26
78 28 94
15 14 85
66 69 9
3 40 45
100 89 76
90 77 46
95 95 17
19 87 86
28 2 36
65 77 89
49 78 52
23 60 91
73 66 59
13 64 55
35 87 31
69 91 72
11 45 47
7 21 17
99 70 27
7 56 41
72 82 11
57 92 78
48 16 37
27 61 19
13 21 19
23 35 44
0 89 69
100 39 9
22 75 38
2 32 95
14 59 83
37 59 59
92 82 14
24 66 29
100 61 33
72 15 93
45 61 96
25 63 58
79 6 20
100 97 2
56 91 37
55 47 53
24 64 84
9 67 98
6 90 7
7 34 65
7 38 80
50 82 26
30 86 56
7 84 93
43 89 76
21 1 14
39 62 100
48 19 14
95 85 81
89 21 73
60 52 78
14 58 26
38 8 35
34 29 29
45 39 5
2 9 3
92 31 9
67 56 15
62 67 78
38 96 19
61 38 36
82 42 37
14 63 94
78 56 13
57 14 13
20 46 23
10 32 14
81 69 83
78 71 68
30 25 5
98 28 93
71 75 25
34 85 73
8 67 44
37 77 96
27 81 7
69 77 100
17 89 70
9 78 90
87 37 39
96 33 27
87 57 12
61 34 14
73 29 39
94 62 11
73 60 73
62 17 11
41 35 64
24 57 38
63 38 11
37 87 64
67 43 20
6 68 91
7 55 65
79 40 83
95 61 13
75 18 61
30 17 52
13 94 70
43 82 18
27 65 77
74 29 63
64 15 25
46 4 73
85 73 67
73 94 45
59 82 94
14 30 25
91 54 60
7 13 96
54 83 44
19 13 36
32 38 20
35 57 4
43 47 33
83 62 4
2 72 59
33 60 68
41 62 75
34 92 69
26 57 61
81 3 94
27 6 1
22 95 30
67 54 42
31 46 91
68 88 23
76 85 40
99 35 58
27 69 53
23 17 75
4 80 61
36 60 91
84 98 25
96 28 17
98 80 87
4 47 5
47 74 14
43 99 74
51 46 69
97 48 53
55 3 20
37 3 58
55 55 17
36 93 63
84 74 99
0 68 90
39 62 19
81 38 43
49 35 2
100 35 40
5 20 37
76 5 76
95 11 94
100 55 38
89 48 39
67 1 56
40 79 88
89 42 1
91 24 30
22 20 89
51 9 46
9 76 39
35 99 22
60 4 61
8 64 34
98 42 24
85 13 84
87 5 14
2 94 46
57 38 52
3 98 22
41 87 80
70 100 38
5 42 25
69 96 28
80 74 70
16 81 32
10 37 85
54 47 14
67 45 84
8 87 8
16 11 38
77 41 62
8 31 78
98 96 13
54 69 77
82 20 52
19 78 93
79 48 76
34 66 96
26 7 46
83 56 97
73 94 6
91 48 60
72 83 63
61 29 41
11 92 53
33 17 14
42 67 14
79 31 94
6 54 76
7 68 97
97 10 17
98 22 42
55 83 24
82 47 46
35 55 45
20 18 1
36 22 35
43 86 20
58 90 100
25 2 9
20 56 46
33 36 11
58 63 62
16 15 64
45 62 57
17 26 74
56 6 32
53 90 67
100 91 18
53 52 65
37 13 100
45 94 28
47 88 38
21 28 21
4 87 25
86 22 44
80 33 25
4 86 31
22 4 96
76 87 22
85 96 27
59 75 32
10 87 38
40 32 40
55 82 52
44 95 98
98 87 25
63 53 74
8 78 93
2 86 38
2 42 20
77 67 94
42 93 63
38 73 58
69 26 21
5 98 52
98 85 38
21 52 78
90 16 86
6 26 84
80 94 17
21 60 67
100 64 45
24 100 35
13 64 42
100 60 84
87 63 13
12 72 83
60 2 68
18 82 44
70 29 55
65 89 98
52 96 17
17 32 44
75 9 23
83 89 31
83 15 78
16 88 96
84 79 64
31 80 31
55 93 15
68 13 87
97 61 94
71 83 38
82 94 57
55 84 13
20 46 39
100 84 72
45 24 7
62 46 1
0 34 29
20 73 83
66 16 67
97 44 60
35 9 73
98 69 74
57 87 8
53 92 12
99 8 47
66 89 30
28 12 87
20 98 70
13 82 4
42 12 84
28 37 95
84 95 42
74 92 31
36 41 40
86 33 83
4 42 74
65 48 46
1 42 57
8 13 21
100 6 31
52 72 19
57 61 15
47 53 21
65 42 19
9 3 8
73 100 14
19 57 99
6 90 18
51 82 15
41 58 27
100 1 1
30 29 57
10 33 21
41 32 82
15 100 82
95 85 18
15 87 67
26 20 90
7 13 7
63 97 5
3 75 98
91 86 32
41 20 71
84 24 17
82 89 7
79 91 11
100 54 94
22 97 31
98 38 32
75 83 75
99 70 86
10 67 92
66 22 24
29 16 45
11 60 98
77 46 25
49 47 74
17 8 18
8 90 85
16 53 10
77 28 9
12 7 78
97 18 34
47 85 3
15 90 92
77 46 98
74 73 98
68 76 65
68 31 60
49 22 17
19 61 77
79 70 92
53 28 74
77 65 16
84 1 80
99 99 99
87 37 94
86 54 55
28 74 83
21 61 42
85 16 71
75 33 74
75 53 41
33 12 86
84 18 41
35 29 87
79 26 26
67 7 97
67 14 93
32 68 96
29 94 95
78 53 78
39 5 38
86 25 64
1 23 57
16 46 80
66 15 25
71 28 4
79 6 30
20 14 88
88 93 40
56 87 92
61 11 97
8 59 6
10 72 100
98 55 70
76 27 10
75 12 4
90 37 82
48 39 20
56 44 57
88 17 100
1 22 6
9 100 8
93 61 47
98 13 29
42 25 39
93 8 68
100 23 20
65 19 26
11 83 30
12 100 82
59 22 76
54 13 86
13 68 39
38 10 22
59 72 79
73 35 23
7 54 41
42 62 90
3 31 48
57 76 70
61 18 70
38 68 94
13 15 75
76 82 99
21 99 3
56 82 23
97 37 34
57 66 7
98 57 37
90 22 23
94 11 37
53 70 66
16 10 4
19 59 93
28 46 55
62 17 79
