100
1
19
23
64
1111
11101
12
999900
1000
998999
900
2000
210987
900001
31
10100
16384
990001
2200
100
234567
91
110
999991
100000
10
10110
990000
2101
12001
1998
99
11100
11110
999000
32
101000
999001
20
10000
99001
1024
29
11111
200
10111
99000
2001
11011
989999
876543
10101
10010
9
10011
21
2002
199
901
432109
1099
12000
9999
111
899999
22
1000000
999899
2100
30
999999
11000
10001
1110
19
1101
201
131072
999990
100001
524288
11
10999
1001
101001
2201
900000
11001
102
11010
4096
1100
999998
101
999
678901
999989
90
999901
1999
