100
7 18
80034
25504
19473
88745
62515
96357
96862
1 3
3 6
2 4
2 5
3 7
2 6
1 6
1 2
6 7
2 3
3 4
4 5
5 7
1 4
2 7
1 7
4 6
4 7
5 5
19449
81703
14906
19420
87165
2 3
3 4
4 5
1 5
1 2
5 4
36642
28444
50012
29651
10953
1 4
2 3
2 5
4 5
5 4
22423
68364
86698
16510
19323
1 3
3 4
1 2
4 5
2 1
96959
76823
1 2
1 0
97670
8 21
37335
86601
23166
65047
30379
91720
70200
57681
4 8
2 7
5 8
1 6
5 7
2 5
4 5
2 6
6 7
6 8
1 4
3 4
1 2
4 7
1 8
7 8
3 6
3 7
1 3
3 5
5 6
1 0
55050
6 12
78852
79225
95119
79969
68076
53422
1 6
2 3
1 2
1 4
2 5
3 4
4 6
5 6
2 6
4 5
2 4
1 5
8 13
10001
10002
10003
10004
10005
10006
10007
10008
1 3
1 5
1 7
3 5
3 7
5 7
2 4
2 6
2 8
4 6
4 8
6 8
3 4
4 3
10001
10002
10003
10004
1 2
1 3
2 4
4 4
62758
74044
83230
94998
1 2
1 3
2 3
2 4
5 4
10001
10002
10003
10004
10005
1 4
1 3
3 5
2 5
1 0
85149
7 14
62834
52895
46367
60686
41400
18799
53736
1 3
2 7
4 5
2 5
3 7
4 7
1 5
1 6
4 6
1 7
1 2
3 4
1 4
2 6
7 9
85895
93828
42872
12033
94268
90111
16349
5 6
1 2
2 4
3 5
1 3
4 5
2 5
2 3
2 7
5 6
31959
72440
63099
76295
64351
2 4
1 3
1 5
1 2
3 4
4 5
7 16
22856
30691
99257
75681
93590
30618
44645
5 7
1 3
1 4
2 6
2 5
4 7
4 5
2 3
3 6
1 2
2 4
3 7
5 6
1 6
3 4
1 7
8 22
78392
11980
60138
46253
91777
56656
83533
63275
3 8
4 8
2 6
5 6
2 5
2 3
5 8
5 7
6 7
1 3
4 7
4 6
2 8
1 5
1 4
4 5
3 7
1 2
7 8
3 5
2 7
2 4
2 1
91637
15248
1 2
7 7
15462
88182
78449
85821
93156
58183
26549
1 2
1 3
3 5
1 6
1 4
2 6
5 7
5 6
75662
46118
21780
40541
63003
3 4
4 5
1 3
1 2
2 5
1 5
4 4
10001
10002
10003
10004
1 2
1 3
2 4
3 4
6 10
79147
14703
52298
94524
12737
89299
2 4
4 6
2 3
2 5
5 6
3 6
1 6
1 2
1 5
1 3
7 6
56095
35217
19279
85910
46151
90381
28639
1 6
6 7
4 5
1 2
1 4
2 3
8 25
51261
55928
20595
64198
21001
49816
88523
42960
1 4
4 6
1 2
6 7
2 6
2 5
2 7
1 6
1 3
5 6
4 7
6 8
2 3
4 5
3 8
2 4
5 8
1 7
3 7
2 8
5 7
3 4
7 8
1 8
3 6
3 2
10001
20000
10000
1 2
2 3
2 1
10001
10002
1 2
6 13
27760
25050
19304
71427
59986
27165
3 4
1 4
1 2
1 5
4 6
2 3
2 6
1 3
3 6
2 5
2 4
1 6
5 6
6 12
21472
73870
90874
72270
87798
16119
3 5
1 2
1 6
1 5
4 5
5 6
3 6
2 5
1 4
1 3
2 6
3 4
7 13
54199
59172
39873
16646
90741
49152
92556
2 4
3 5
5 7
1 5
1 4
2 3
2 5
1 7
1 2
2 6
1 6
6 7
4 6
3 2
80244
28027
18377
1 2
2 3
8 21
39754
32377
81529
86891
76467
98019
13259
16369
2 7
1 8
6 8
1 2
3 6
2 4
2 8
1 7
6 7
2 3
1 5
2 5
3 8
1 3
5 8
2 6
4 6
1 4
3 4
1 6
3 7
8 12
10620
82920
59277
45556
27913
23038
37194
39513
2 8
2 5
4 5
2 3
1 2
1 4
5 6
7 8
3 6
6 7
4 6
5 7
3 2
68236
22628
60977
2 3
1 2
7 14
61231
33967
42750
55314
34484
91765
24151
1 2
3 7
6 7
1 5
2 6
3 4
1 3
1 4
3 5
1 6
4 7
2 3
3 6
2 4
4 5
48736
82005
84656
82122
1 2
3 4
1 4
2 3
1 3
1 0
10001
2 1
14358
61093
1 2
6 13
74334
29920
50502
49137
32961
73067
2 5
1 5
2 4
3 4
1 6
3 5
1 3
5 6
1 4
4 5
2 3
1 2
2 6
5 6
10001
10002
10003
10004
10005
1 2
2 5
3 5
1 3
1 4
2 4
1 0
14733
6 5
10001
10002
10003
10004
10005
10006
1 5
1 2
2 3
2 6
4 6
2 1
11519
41582
1 2
1 0
27296
7 6
78039
99036
73433
75846
61888
36548
98934
3 4
1 3
1 2
2 7
3 6
1 5
8 28
10001
10002
10003
10004
10005
10006
10007
10008
1 2
1 3
1 4
1 5
1 6
1 7
1 8
2 3
2 4
2 5
2 6
2 7
2 8
3 4
3 5
3 6
3 7
3 8
4 5
4 6
4 7
4 8
5 6
5 7
5 8
6 7
6 8
7 8
2 1
67594
77640
1 2
2 1
36271
97228
1 2
5 4
21513
84114
16467
21694
33338
2 5
1 2
1 4
1 3
5 6
58135
10520
38136
21138
49619
1 3
1 2
2 4
4 5
1 5
3 5
4 5
97209
24079
23789
75887
3 4
2 3
1 2
2 4
1 3
8 27
38552
36007
20654
28362
65207
19734
63824
94967
3 8
2 7
4 6
5 8
1 7
4 7
2 6
3 6
3 4
6 8
2 3
1 6
4 5
5 7
7 8
2 8
3 5
1 8
1 4
4 8
1 2
3 7
6 7
5 6
1 5
1 3
2 4
6 5
59509
32829
32179
30619
68229
84180
1 4
1 3
1 2
3 5
1 6
1 0
44992
8 10
80786
75387
47027
95770
36407
44261
75911
75148
1 2
5 8
3 8
1 6
1 8
4 8
1 5
2 3
2 4
5 7
2 1
25471
60233
1 2
3 2
34330
13773
71875
1 3
1 2
3 2
65848
20319
87295
2 3
1 2
6 6
10001
10002
10003
10004
10005
10006
1 2
1 6
2 3
2 4
3 5
4 5
7 20
15695
77974
99845
52792
35815
51411
43344
2 4
4 6
1 2
5 7
4 5
4 7
1 5
1 3
5 6
2 3
3 4
3 6
2 7
1 4
2 5
1 6
6 7
2 6
1 7
3 5
1 0
41369
2 1
68263
36939
1 2
1 0
50029
6 13
91703
79199
71562
36235
24285
97843
1 4
3 6
5 6
1 6
2 6
2 3
1 3
1 5
3 5
2 5
4 5
3 4
1 2
4 5
67332
99030
67408
56444
1 2
1 3
2 4
3 4
1 4
5 9
46704
30938
62818
92789
52169
2 4
1 3
1 5
1 4
3 4
3 5
4 5
1 2
2 3
6 10
91636
89640
17498
52492
71973
84655
4 6
3 6
3 4
1 6
1 4
2 3
1 5
2 5
2 6
1 2
3 2
25666
52420
84757
2 3
1 2
6 11
58009
58656
58614
47776
75353
93608
5 6
1 4
4 5
1 5
3 6
1 6
2 5
1 2
2 6
2 4
1 3
8 24
11831
43353
11855
57609
13376
32085
51864
23769
1 6
1 8
2 5
1 4
3 7
6 7
7 8
3 8
3 4
3 6
4 6
4 7
1 2
5 8
2 3
2 6
5 7
6 8
1 3
4 5
4 8
1 7
5 6
2 7
8 13
13365
50667
60579
45501
73997
66711
49309
31725
1 4
4 8
1 5
1 2
2 5
6 7
7 8
3 7
2 3
5 6
3 8
1 3
1 6
4 3
10317
77034
92225
89268
1 3
2 4
1 2
7 17
63252
60323
43447
34090
87058
56242
68739
4 7
1 2
5 6
6 7
3 5
1 7
2 7
2 3
1 5
1 3
4 6
1 4
3 4
2 5
4 5
5 7
3 6
1 0
43247
3 2
32720
64692
12752
1 3
1 2
1 0
99786
7 20
89852
11331
77352
11615
23451
34393
36309
1 7
1 2
6 7
4 6
4 5
2 3
2 5
1 4
5 7
2 4
3 4
3 7
1 6
2 6
5 6
1 5
3 6
3 5
4 7
1 3
4 5
66886
43220
38774
54336
3 4
2 3
1 3
1 4
1 2
6 6
10001
10002
10003
10004
10005
10006
1 2
2 3
1 4
4 5
3 5
3 6
6 7
10001
10002
10003
10004
10005
10006
1 2
2 3
1 4
4 5
3 5
3 6
2 6
1 0
14315
4 5
37577
38819
95681
14354
1 3
1 2
1 4
2 4
2 3
7 7
88058
26706
59330
76552
98341
94716
76008
3 6
1 5
1 2
5 6
1 4
1 3
1 7
4 5
89694
11454
85285
95584
2 3
1 2
1 3
2 4
3 4
5 5
36642
28444
50012
29651
10953
1 2
1 4
2 3
2 5
4 5
1 0
77198
4 4
28231
39667
11096
53229
1 4
1 2
2 3
2 4
6 8
54949
34730
82111
80382
36146
42843
3 6
4 6
2 6
1 2
1 3
1 4
4 5
3 4
4 3
20614
80225
65628
85753
2 4
2 3
1 2
4 5
91060
52016
54652
46408
1 4
1 2
3 4
2 3
1 3
2 1
20726
96932
1 2
8 25
25920
57403
83782
67858
60598
88892
90401
45884
3 4
4 8
3 6
1 5
2 6
2 3
2 4
1 2
5 7
3 8
1 4
1 3
5 6
3 5
4 7
1 7
7 8
1 6
6 8
4 6
5 8
2 8
3 7
2 5
4 5
6 13
30583
57726
41808
53711
69540
22483
2 6
1 2
3 6
3 4
2 4
2 3
2 5
5 6
1 5
3 5
1 6
1 3
4 6
1 0
10637
8 9
10001
10002
10003
10004
10005
10006
10007
10008
1 3
3 5
5 7
1 7
2 4
4 6
6 8
2 8
3 4
3 2
66886
74096
61926
1 2
1 3
6 12
74339
44491
99501
74592
14327
84391
2 5
1 3
1 4
5 6
3 5
2 3
4 6
2 4
1 2
1 5
1 6
3 4
5 8
68260
32411
49918
95130
54064
3 5
2 4
1 3
1 4
4 5
2 3
1 2
3 4
8 23
98796
28213
93428
54463
65122
99368
39099
90313
5 8
4 6
3 5
4 7
3 4
2 8
3 6
4 5
1 5
6 7
1 6
5 7
2 5
4 8
2 4
2 6
2 3
7 8
3 8
1 2
1 4
6 8
1 7
