100
245 292 586
103 143 88
589 46 1
381 68 846
670 5 2
501 994 637
513 513 256
394 354 178
4 5 5
3 2 5
926 578 827
1 4 5
208 229 628
513 513 2
258 949 140
613 216 794
764 726 927
3 5 1
1 5 1
512 512 2
288 902 263
4 1 4
151 782 354
513 513 1
3 5 3
1000 1000 1
513 513 257
637 952 858
512 512 513
828 526 883
777 496 718
46 948 24
650 149 515
504 901 193
244 665 68
2 4 2
45 56 35
624 113 306
2 2 2
842 159 559
3 5 2
127 42 39
561 485 480
155 329 10
5 4 3
728 126 885
941 707 819
857 105 64
4 2 2
4 4 1
464 726 267
5 3 1
1 1 1
4 2 2
714 423 106
938 688 144
851 439 162
409 675 34
840 206 68
902 447 59
172 211 112
115 11 987
513 538 81
3 3 5
3 4 2
4 5 2
131 472 2
867 289 767
416 199 144
512 512 1
730 363 466
2 5 2
976 62 31
512 512 257
662 648 839
869 94 6
3 2 2
823 475 644
791 896 20
765 611 56
286 974 142
401 150 127
605 439 743
513 513 512
327 593 33
579 101 900
928 740 575
1 1 1000
899 176 119
512 512 256
571 953 477
2 2 4
633 541 555
964 39 16
934 806 571
637 790 586
113 537 49
7 8 5
197 27 195
2 1 1
